##FastQC	0.10.1
>>Basic Statistics	pass
#Measure	Value	
Filename	sa20.fastq	
File type	Conventional base calls	
Encoding	Sanger / Illumina 1.9	
Total Sequences	378805	
Filtered Sequences	0	
Sequence length	18-284	
%GC	35	
>>END_MODULE
>>Per base sequence quality	warn
#Base	Mean	Median	Lower Quartile	Upper Quartile	10th Percentile	90th Percentile
1	37.2691305552989	38.0	38.0	38.0	37.0	38.0
2	37.335035176410024	38.0	38.0	38.0	37.0	38.0
3	37.3261282190045	38.0	38.0	38.0	37.0	38.0
4	37.23361360066525	38.0	38.0	38.0	36.0	38.0
5	37.268908805322	38.0	38.0	38.0	37.0	38.0
6	37.29184144876652	38.0	38.0	38.0	37.0	38.0
7	37.21398608782883	38.0	38.0	38.0	36.0	38.0
8	37.23066749382928	38.0	38.0	38.0	36.0	38.0
9	37.18279325774475	38.0	38.0	38.0	36.0	38.0
10-14	37.25517297818139	38.0	38.0	38.0	36.8	38.0
15-19	37.24955536544205	38.0	38.0	38.0	37.0	38.0
20-24	37.155408626687816	38.0	38.0	38.0	36.0	38.0
25-29	37.2001545227415	38.0	38.0	38.0	36.6	38.0
30-34	37.13631893014469	38.0	38.0	38.0	36.0	38.0
35-39	37.082157401568466	38.0	38.0	38.0	36.0	38.0
40-44	37.074585830332964	38.0	38.0	38.0	36.0	38.0
45-49	37.10038058775265	38.0	38.0	38.0	36.0	38.0
50-59	37.108149572556044	38.0	38.0	38.0	36.0	38.0
60-69	37.11761105609158	38.0	38.0	38.0	36.0	38.0
70-79	37.0133129250187	38.0	38.0	38.0	36.0	38.0
80-89	36.97888371069689	38.0	38.0	38.0	36.0	38.0
90-99	36.993070307397986	38.0	38.0	38.0	36.0	38.0
100-109	36.9918616804769	38.0	38.0	38.0	36.0	38.0
110-119	36.99458138594208	38.0	38.0	38.0	36.0	38.0
120-129	36.97599845214578	38.0	38.0	38.0	36.0	38.0
130-139	36.91515949038705	38.0	38.0	38.0	36.0	38.0
140-149	36.80088974793391	38.0	38.0	38.0	35.3	38.0
150-159	36.786538668854135	38.0	38.0	38.0	35.1	38.0
160-169	36.77341672244232	38.0	38.0	38.0	35.0	38.0
170-179	36.6602125639226	38.0	37.7	38.0	35.0	38.0
180-189	36.43946692380359	38.0	37.0	38.0	34.0	38.0
190-199	36.21370204324448	38.0	37.0	38.0	33.9	38.0
200-209	35.97907229177049	37.9	37.0	38.0	33.0	38.0
210-219	35.44239255829861	37.3	36.9	38.0	30.5	38.0
220-229	34.6889225838527	37.0	35.8	37.1	28.3	37.5
230-239	33.8907734752871	37.0	33.5	37.0	25.0	37.2
240-249	32.62336426407592	36.4	31.3	37.0	21.5	37.0
250-259	31.007442063345785	35.0	27.8	37.0	18.8	37.0
260-269	28.988781365327537	31.7	24.0	36.3	16.0	37.0
270-279	26.20029242331045	27.8	20.2	34.6	11.7	36.7
280-284	22.46963946013106	22.6	16.0	29.2	8.2	34.8
>>END_MODULE
>>Per sequence quality scores	pass
#Quality	Count
2	50.0
3	0.0
4	0.0
5	0.0
6	0.0
7	0.0
8	0.0
9	0.0
10	0.0
11	0.0
12	0.0
13	0.0
14	0.0
15	5.0
16	9.0
17	30.0
18	47.0
19	117.0
20	154.0
21	169.0
22	237.0
23	267.0
24	355.0
25	483.0
26	711.0
27	1139.0
28	1639.0
29	2401.0
30	3632.0
31	5329.0
32	7821.0
33	11373.0
34	17523.0
35	28465.0
36	54890.0
37	191421.0
38	50538.0
>>END_MODULE
>>Per base sequence content	fail
#Base	G	A	T	C
1	17.036078731633904	33.99215851935948	32.17224855117424	16.799514197832373
2	17.940357223006956	32.92339375057755	31.892648281870866	17.243600744544626
3	17.593431109820333	32.588876714498824	32.17990521577273	17.63778695990812
4	17.834484033214082	32.044725482171856	32.197330728307215	17.923459756306848
5	18.010851341896476	31.559451360378084	32.251983472165385	18.17771382556006
6	17.636202822404982	31.922746894430436	32.3591767765442	18.081873506620376
7	17.856925981175166	32.26412852635609	32.169080276167975	17.709865216300773
8	17.89652941875355	31.78096658789983	32.24749508257317	18.075008910773455
9	17.652836266187904	31.98822457789336	32.32194954522053	18.03698961069821
10-14	17.880899262055948	32.34845744610632	31.976924397037664	17.79371889480007
15-19	17.877484377425763	32.023821719417825	32.09093779802232	18.00775610513409
20-24	17.752039896475452	32.21303272183115	32.153164758958795	17.881762622734605
25-29	17.93606344631755	32.10728318988797	32.04059197604422	17.91606138775025
30-34	17.73414928469876	32.27716545590879	32.197559133629504	17.791126125762936
35-39	17.82627352418317	32.09047779597341	32.04510425515146	18.038144424691964
40-44	17.837174714942318	32.21293269809794	32.126049972971686	17.823842613988063
45-49	17.812282516585395	32.12216765952417	32.11086497654263	17.9546848473478
50-59	17.818653509298784	32.14429358333288	32.096363854769336	17.940689052598994
60-69	17.703682103722755	32.165287979283434	32.251533114934304	17.8794968020595
70-79	17.73304718979064	32.15049526008853	32.230623977567994	17.885833572552833
80-89	17.770566970541577	32.2186192097196	32.17507699690721	17.835736822831613
90-99	17.782093768258402	32.16952385918046	32.114087321364764	17.934295051196372
100-109	17.75372829648292	32.20177218462069	32.24206589375509	17.802433625141305
110-119	17.749109245528434	32.16990908176404	32.19925313241151	17.881728540296017
120-129	17.733848958090665	32.28961206249432	32.16974201348738	17.80679696592763
130-139	17.74073360766903	32.29506246162006	32.205572288397335	17.758631642313574
140-149	17.7520901773006	32.270858036410445	32.17134378259996	17.805708003688995
150-159	17.62506175746746	32.29355690690899	32.19393691734427	17.887444418279287
160-169	17.641495873891667	32.257302351175404	32.2114052950644	17.88979647986853
170-179	17.628076129322093	32.29429398966208	32.202798101048614	17.87483177996721
180-189	17.688881075854795	32.387729629955174	32.01202425947086	17.91136503471917
190-199	17.613655966722618	32.40734490481355	32.1581095615468	17.820889566917028
200-209	17.625943834599504	32.32415249666177	32.188066110973935	17.861837557764794
210-219	17.644544282519803	32.4459741847803	32.040642195741285	17.868839336958615
220-229	17.61008457020125	32.34021093571432	32.24334159322858	17.80636290085586
230-239	17.517224753501605	32.414840529399	32.08562956534317	17.982305151756226
240-249	17.490193827569207	32.55075277171067	32.027312765397	17.93174063532313
250-259	17.396303472979184	32.91293588839345	31.77813447864015	17.91262615998722
260-269	17.164649361461386	33.13754395486879	31.613008571343148	18.08479811232668
270-279	16.871178292580584	33.77085642628971	31.18355595549659	18.17440932563312
280-284	16.710057970782298	37.11411779470706	31.64788156977722	14.527942664733418
>>END_MODULE
>>Per base GC content	pass
#Base	%GC
1	33.83559292946628
2	35.183957967551585
3	35.231218069728456
4	35.75794378952093
5	36.18856516745654
6	35.71807632902536
7	35.566791197475936
8	35.971538329527
9	35.68982587688611
10-14	35.67461815685601
15-19	35.88524048255985
20-24	35.633802519210064
25-29	35.85212483406781
30-34	35.525275410461695
35-39	35.86441794887513
40-44	35.66101732893038
45-49	35.7669673639332
50-59	35.759342561897775
60-69	35.583178905782255
70-79	35.61888076234347
80-89	35.606303793373186
90-99	35.71638881945478
100-109	35.55616192162422
110-119	35.630837785824454
120-129	35.54064592401829
130-139	35.4993652499826
140-149	35.55779818098959
150-159	35.51250617574674
160-169	35.53129235376019
170-179	35.502907909289306
180-189	35.60024611057396
190-199	35.43454553363964
200-209	35.4877813923643
210-219	35.51338361947842
220-229	35.41644747105711
230-239	35.49952990525782
240-249	35.42193446289234
250-259	35.308929632966404
260-269	35.24944747378807
270-279	35.0455876182137
280-284	31.238000635515718
>>END_MODULE
>>Per sequence GC content	pass
#GC Content	Count
0	50.0
1	50.0
2	50.0
3	25.0
4	0.0
5	0.5
6	1.5
7	1.5
8	2.0
9	4.5
10	9.0
11	18.0
12	32.0
13	53.0
14	80.0
15	125.1666666666666
16	184.66666666666663
17	266.8333333333334
18	414.4999999999999
19	658.5000000000001
20	1016.0000000000018
21	1449.8333333333305
22	2046.3333333333176
23	2835.0000000000177
24	3793.3333333334017
25	4923.166666666676
26	6326.833333333174
27	8116.999999999571
28	10290.166666666817
29	12784.500000000971
30	15466.00000000195
31	18150.5000000011
32	20585.333333332583
33	22982.499999997333
34	25141.49999999556
35	26570.66666666093
36	26890.499999994307
37	26318.166666661735
38	25060.33333332967
39	22896.33333333144
40	20429.833333332903
41	17887.166666667505
42	15257.166666667714
43	12829.500000000473
44	10654.33333333346
45	8822.999999999884
46	7265.166666666557
47	5806.499999999959
48	4729.333333333332
49	3964.166666666699
50	3390.833333333354
51	2929.3333333333503
52	2469.000000000002
53	2010.6666666666545
54	1629.8333333333278
55	1333.9999999999982
56	1068.5000000000005
57	825.5000000000009
58	605.6666666666665
59	467.9999999999997
60	353.1666666666666
61	280.3333333333333
62	231.0
63	173.83333333333334
64	128.16666666666666
65	94.5
66	63.0
67	38.0
68	23.0
69	16.833333333333336
70	14.5
71	11.0
72	9.0
73	9.0
74	7.5
75	4.5
76	2.5
77	2.0
78	1.5
79	1.0
80	0.8333333333333333
81	0.3333333333333333
82	0.0
83	0.0
84	0.0
85	0.0
86	0.0
87	0.0
88	0.0
89	0.0
90	0.0
91	0.0
92	0.0
93	0.0
94	0.0
95	0.0
96	0.3333333333333333
97	0.0
98	0.0
99	0.0
100	0.5
>>END_MODULE
>>Per base N content	pass
#Base	N-Count
1	0.013199403386966908
2	0.013199403386966908
3	0.013199403386966908
4	0.013199403386966908
5	0.013199403386966908
6	0.013199403386966908
7	0.013199403386966908
8	0.013199403386966908
9	0.013199403386966908
10-14	0.013199403386966908
15-19	0.010560030074965653
20-24	0.0
25-29	0.0
30-34	0.0
35-39	0.0
40-44	0.0
45-49	0.0
50-59	0.0
60-69	0.0
70-79	0.0
80-89	0.0
90-99	0.0
100-109	0.0
110-119	0.0
120-129	0.0
130-139	0.0
140-149	0.0
150-159	0.0
160-169	0.0
170-179	0.0
180-189	0.0
190-199	0.0
200-209	0.0
210-219	0.0
220-229	0.0
230-239	0.0
240-249	0.0
250-259	0.0
260-269	0.0
270-279	0.0
280-284	0.0
>>END_MODULE
>>Sequence Length Distribution	warn
#Length	Count
10-19	146.0
20-29	4215.0
30-39	14076.0
40-49	17334.0
50-59	18541.0
60-69	18843.0
70-79	18633.0
80-89	18098.0
90-99	17610.0
100-109	16661.0
110-119	15476.0
120-129	14618.0
130-139	13679.0
140-149	12319.0
150-159	11529.0
160-169	10771.0
170-179	9835.0
180-189	9288.0
190-199	8407.0
200-209	7899.0
210-219	7443.0
220-229	6884.0
230-239	6217.0
240-249	5829.0
250-259	5355.0
260-269	4694.0
270-279	3980.0
280-285	80425.0
>>END_MODULE
>>Sequence Duplication Levels	warn
#Total Duplicate Percentage	29.48252373171662
#Duplication Level	Relative count
1	100.0
2	16.578662922883872
3	4.766489830908571
4	1.620097156133136
5	0.6330057523388289
6	0.2770564921914796
7	0.14039185478761074
8	0.07951397085316006
9	0.040999391221160655
10++	0.10436208674477258
>>END_MODULE
>>Overrepresented sequences	pass
>>END_MODULE
>>Kmer Content	warn
#Sequence	Count	Obs/Exp Overall	Obs/Exp Max	Max Obs/Exp Position
AAAAA	358980	1.7519871	6.0862637	280
>>END_MODULE
